00000000000000000000000000001000
00000000010000000000000000000000
01100110011001100110011001100110
00000000000000000000000000000000
00000000000000000000000000000000
00000001000000000011000000000000
00000000000000000000000000000000
00000000000000000000000001000000
00000000000000110000000000000000
00000000000000000000000000000000
00000000000000000010000000000000
00000000000000000000000000011000
00001100000000000000000000000000
00000000000000000000000000000000
00001100000000000000000000000000
00000000000000000000000000000000
00000000000000000110000000000000
00000000000000000000000000000000
11111111111111111111111111111111
00000000001100000000000000000000
00000000000000011000000000000000
00000000000011100000000000000000
00000000000000000000000000000000
00000000000001000000000000000000
00000000000110001111111111000000
00000000000000000000000000000000
00000000000110000000000000000000
00000000000000000000000000000000
00000000000000011000000000000000
00000000000000000000110000000000
00000000000000000100000000000000
00000000000000011000000000000000
00000000000010000000000000000000
00000000000100000000000000000000
00000000000000000000000001111111
00000000000000000000000000000000
11111111000000000000000000000000
00000000000000000000000000000000
00000011111100000011111100000000
00000000000000000000000000000000
00000000000000000000000000000000
00000000000000000000000000000000
00000000000000000000000000000000
00000000000000000000000000000000
00000000000000000000000000000000
00000000000000000000000000000000
00000000000000000000000000000000
00000000000000000000000000000000
00000000000000000000000000000000
00000000000000000000000000000000
00000000000000000000000000000000
00000000000000000000000000000000
00000000000000000000000000000000
00000000000000000000000000000000
00000000000000000000000000000000
00000000000000000000000000000000
00000000000000000000000000000000
00000000000000000000000000000000
00000000000000000000000000000000
00000000000000000000000000000000
00000000000000000000000000000000
00000000000000000000000000000000
00000000000000000000000000000000
00000000000000000000000000000000